Method	ID	Species	Fishery	Year	Quarter	Tno	0	1	2	3	4	5	6	7	8	9
DMPAB	23	BET	FS	1978	2	1	0	0	1	0	0	0	0	0	0	0
DMPAB	24	BET	FS	1978	3	17	0	4	13	0	0	0	0	0	0	0
DMPAB	25	BET	FS	1978	4	76	1	18	33	1	4	10	5	2	1	1
DMPAB	26	BET	FS	1979	1	6	0	1	5	0	0	0	0	0	0	0
DMPAB	27	BET	FS	1979	2	6	0	1	4	0	1	0	0	0	0	0
DMPAB	28	BET	FS	1979	3	13	0	3	10	0	0	0	0	0	0	0
DMPAB	3	BET	FS	1979	4	2	0	1	1	0	0	0	0	0	0	0
DMPAB	4	BET	FS	1980	1	292	2	61	174	22	14	10	5	2	1	1
DMPAB	5	BET	FS	1980	2	156	2	40	88	6	8	8	3	1	0	0
DMPAB	6	BET	FS	1980	3	225	6	49	135	28	7	0	0	0	0	0
DMPAB	7	BET	FS	1980	4	59	1	10	18	12	10	5	2	1	0	0
DMPAB	8	BET	FS	1981	1	41	0	9	25	3	2	1	1	0	0	0
DMPAB	9	BET	FS	1981	2	22	0	6	13	1	1	1	0	0	0	0
DMPAB	10	BET	FS	1981	3	32	1	7	19	4	1	0	0	0	0	0
DMPAB	1	BET	FS	1981	4	8	0	1	2	2	2	1	0	0	0	0
DMPAB	2	BET	FS	1982	1	1591	15	349	898	130	87	60	30	13	5	4
DMPAB	11	BET	FS	1982	2	838	7	222	483	27	33	37	19	7	2	1
DMPAB	12	BET	FS	1982	3	1228	35	266	699	178	49	1	0	0	0	0
DMPAB	13	BET	FS	1982	4	281	5	38	70	79	62	17	7	2	1	0
DMPAB	14	BET	FS	1983	1	4829	41	1081	2758	178	75	379	214	79	19	5
DMPAB	15	BET	FS	1983	2	1878	16	421	1073	69	29	147	83	31	7	2
DMPAB	16	BET	FS	1983	3	2362	20	529	1349	87	37	185	105	39	9	2
DMPAB	17	BET	FS	1983	4	1900	16	419	1069	69	32	160	91	34	8	2
DMPAB	18	BET	FS	1984	1	20134	220	4665	12939	413	184	933	527	196	46	11
DMPAB	19	BET	FS	1984	2	24316	259	5505	17276	1	243	566	314	117	28	7
DMPAB	20	BET	FS	1984	3	30875	537	6699	21491	163	891	820	199	59	13	3
DMPAB	21	BET	FS	1984	4	51533	1225	7373	4677	13394	16153	6377	1743	480	91	20
DMPAB	22	BET	FS	1985	1	114827	3446	33083	36002	16819	17322	6215	1454	381	84	21
DMPAB	29	BET	FS	1985	2	27049	1388	9877	14597	671	453	50	10	2	1	0
DMPAB	30	BET	FS	1985	3	59536	7400	34889	16191	856	198	2	0	0	0	0
DMPAB	31	BET	FS	1985	4	10483	227	3357	3120	3033	605	81	43	13	3	1
DMPAB	32	BET	FS	1986	1	107758	873	24645	35002	30539	7571	5143	2830	865	214	76
DMPAB	33	BET	FS	1986	2	16102	22	409	14588	908	174	1	0	0	0	0
DMPAB	34	BET	FS	1986	3	57522	710	2228	28051	20394	6096	43	0	0	0	0
DMPAB	35	BET	FS	1986	4	89863	5627	19142	52634	10438	1992	30	0	0	0	0
DMPAB	36	BET	FS	1987	1	50644	7909	14931	17199	3595	4583	1997	327	80	19	4
DMPAB	37	BET	FS	1987	2	30072	3218	7129	11277	5183	3142	102	16	4	1	0
DMPAB	38	BET	FS	1987	3	194265	9959	27140	81003	45400	30354	409	0	0	0	0
DMPAB	39	BET	FS	1987	4	453805	48999	159421	181599	59596	4132	58	0	0	0	0
DMPAB	40	BET	FS	1988	1	126584	34	13546	53240	16037	23131	17520	2268	465	202	141
DMPAB	41	BET	FS	1988	2	395276	155	150155	227939	4515	4526	5281	1387	650	413	255
DMPAB	42	BET	FS	1988	3	79186	273	20167	55963	2008	391	256	78	28	14	8
DMPAB	43	BET	FS	1988	4	336602	3410	21563	249570	48091	8084	4508	1186	155	27	8
DMPAB	44	BET	FS	1989	1	355318	947	108358	214118	15393	11827	4168	351	101	42	13
DMPAB	45	BET	FS	1989	2	245850	3618	78394	147586	11188	3461	1176	326	80	17	4
DMPAB	46	BET	FS	1989	3	45447	1822	3226	22396	17522	480	1	0	0	0	0
DMPAB	47	BET	FS	1989	4	45443	650	3528	26491	14666	108	0	0	0	0	0
DMPAB	48	BET	FS	1990	1	244294	239	52472	151772	19665	15744	3011	1000	293	74	24
DMPAB	49	BET	FS	1990	2	59418	444	5159	20295	5273	12226	11612	2557	1089	488	275
DMPAB	50	BET	FS	1990	3	128134	1146	12981	54677	14627	21114	14374	6804	1883	394	134
DMPAB	51	BET	FS	1990	4	30581	498	2285	8042	11968	3248	3419	792	231	71	27
DMPAB	52	BET	FS	1991	1	65911	108	1147	2320	1088	21069	25483	9491	2981	1280	944
DMPAB	53	BET	FS	1991	2	39513	95	2237	3597	6567	8093	11896	4893	1325	480	330
DMPAB	54	BET	FS	1991	3	117437	1947	41703	51542	9826	5852	4902	1261	285	84	35
DMPAB	55	BET	FS	1991	4	28132	310	8942	11307	1596	1880	2625	1012	290	105	65
DMPAB	56	BET	FS	1992	1	70804	280	5681	41575	3722	4154	7232	4324	1869	1046	921
DMPAB	57	BET	FS	1992	2	48133	67	936	42024	1941	1538	987	435	112	50	43
DMPAB	58	BET	FS	1992	3	27319	279	4353	14059	4861	947	1746	754	211	74	35
DMPAB	59	BET	FS	1992	4	30142	233	11233	10610	3245	513	2381	1398	344	118	67
DMPAB	60	BET	FS	1993	1	69667	134	5711	13028	11918	11068	12832	8115	3722	1844	1295
DMPAB	61	BET	FS	1993	2	64075	1	160	1217	3867	21875	22542	9627	2847	1143	796
DMPAB	62	BET	FS	1993	3	156879	1915	60614	53954	4373	19633	11700	3259	906	340	185
DMPAB	63	BET	FS	1993	4	23004	311	4895	1388	2314	7234	3923	1722	684	324	209
DMPAB	64	BET	FS	1994	1	55232	36	6420	10777	1618	6938	10454	6317	4643	3819	4210
DMPAB	65	BET	FS	1994	2	46121	62	4163	22760	2231	6901	3930	2206	1624	1172	1072
DMPAB	66	BET	FS	1994	3	26959	78	418	589	1781	2724	6040	5282	3932	3031	3084
DMPAB	67	BET	FS	1994	4	7352	1	284	850	214	358	1425	1839	1112	673	596
DMPAB	68	BET	FS	1995	1	67550	19	6780	32310	8574	3226	6664	5367	2318	1219	1073
DMPAB	69	BET	FS	1995	2	105722	19	5957	29501	26875	19286	12701	6087	2475	1418	1403
DMPAB	70	BET	FS	1995	3	24971	327	10481	8726	960	45	772	1348	856	663	793
DMPAB	71	BET	FS	1995	4	37514	7	1406	15862	11021	510	1510	2348	1922	1473	1455
DMPAB	72	BET	FS	1996	1	70604	123	11384	46367	3018	6182	2391	823	233	62	21
DMPAB	73	BET	FS	1996	2	93374	555	9078	36607	21630	10998	6648	3291	1809	1189	1569
DMPAB	74	BET	FS	1996	3	132253	4673	62079	46655	5757	6905	4640	1241	209	61	33
DMPAB	75	BET	FS	1996	4	49741	2252	13021	22240	1808	4155	3598	1410	678	352	227
DMPAB	76	BET	FS	1997	1	98367	988	24663	70988	471	186	563	323	109	45	31
DMPAB	77	BET	FS	1997	2	74720	1263	18599	25875	1141	4824	11892	6448	2590	1187	901
DMPAB	78	BET	FS	1997	3	10380	420	1549	1269	274	1600	2972	1291	472	254	279
DMPAB	79	BET	FS	1997	4	17458	1630	6420	5902	764	1029	966	435	175	82	55
DMPAB	80	BET	FS	1998	1	174278	464	26828	137536	5723	2134	1111	330	83	39	30
DMPAB	81	BET	FS	1998	2	251274	4791	49639	137526	18268	23455	12169	3678	962	449	337
DMPAB	82	BET	FS	1998	3	117550	3429	27423	33250	12801	21995	12906	3920	1018	466	342
DMPAB	83	BET	FS	1998	4	117063	2322	22694	65948	10938	8350	4116	1550	575	312	258
DMPAB	84	BET	FS	1999	1	149473	823	28419	58903	16952	17830	13781	6493	2880	1695	1697
DMPAB	85	BET	FS	1999	2	209010	114	38402	142611	27158	723	2	0	0	0	0
DMPAB	86	BET	FS	1999	3	155475	7031	65952	74749	7655	88	0	0	0	0	0
DMPAB	87	BET	FS	1999	4	178950	14080	59712	74948	11736	2745	3914	5094	3117	1907	1697
DMPAB	88	BET	FS	2000	1	109727	40	1402	4544	14783	50273	24167	8062	2885	1569	2002
DMPAB	89	BET	FS	2000	2	242870	26	16833	197509	27337	1153	12	0	0	0	0
DMPAB	90	BET	FS	2000	3	22649	278	6809	11136	1630	1310	764	361	154	99	108
DMPAB	91	BET	FS	2000	4	10300	2	8	20	663	2385	3580	1873	746	494	529
DMPAB	92	BET	FS	2001	1	66843	785	4382	10543	15706	13404	10568	6366	2718	1357	1014
DMPAB	93	BET	FS	2001	2	138454	5499	21334	85935	16368	2602	2653	2135	1047	532	349
DMPAB	94	BET	FS	2001	3	20380	4	18	193	5798	7394	3492	1840	837	455	349
DMPAB	95	BET	FS	2001	4	11457	1	54	37	161	1448	3335	2786	1556	1000	1079
DMPAB	96	BET	FS	2002	1	60282	197	17202	11703	1657	10351	10188	4782	2087	1142	973
DMPAB	97	BET	FS	2002	2	28100	188	3501	10188	411	839	4037	3975	2140	1421	1400
DMPAB	98	BET	FS	2002	3	17887	666	6254	9772	1108	87	0	0	0	0	0
DMPAB	99	BET	FS	2002	4	39683	298	1097	1813	763	6886	14319	8796	3375	1423	913
DMPAB	100	BET	FS	2003	1	58647	407	3554	5138	7692	13642	13440	8069	3487	1797	1421
DMPAB	101	BET	FS	2003	2	106522	494	15892	25163	17821	20191	12084	5946	3283	2372	3276
DMPAB	102	BET	FS	2003	3	76680	614	14509	11226	15213	8501	6695	5796	4085	3674	6367
DMPAB	103	BET	FS	2003	4	13374	72	1175	1169	5757	3567	900	447	169	72	46
DMPAB	104	BET	FS	2004	1	37794	24	4220	9913	4916	5735	5404	3509	1533	1011	1529
DMPAB	105	BET	FS	2004	2	61014	3	473	1264	29464	17124	5849	3204	1650	1029	954
DMPAB	106	BET	FS	2004	3	17167	39	1878	4222	3263	3526	2163	954	463	327	332
DMPAB	107	BET	FS	2004	4	17041	76	1716	3848	1012	2424	3051	2002	1182	836	894
DMPAB	108	BET	FS	2005	1	105774	309	9018	27238	3583	16044	20406	13526	6817	4231	4602
DMPAB	109	BET	FS	2005	2	58639	810	5651	41105	6259	915	1087	1014	671	509	618
DMPAB	110	BET	FS	2005	3	84026	1646	16457	17603	5219	8596	13237	9730	5276	3247	3015
DMPAB	111	BET	FS	2005	4	49852	204	3991	4172	941	8110	13624	9114	4578	2691	2427
DMPAB	112	BET	FS	2006	1	90889	522	5824	36984	5599	4698	13752	10866	5698	3507	3439
DMPAB	113	BET	FS	2006	2	45355	198	1809	4618	3010	3654	11101	9858	5228	3081	2798
DMPAB	114	BET	FS	2006	3	42737	559	6654	7658	1793	2988	8169	6591	3515	2239	2571
DMPAB	115	BET	FS	2006	4	80701	1899	32190	33585	12699	182	69	47	18	8	4
DMPAB	116	BET	FS	2007	1	361736	6357	134430	155468	44932	4140	8388	5109	1802	708	402
DMPAB	117	BET	FS	2007	2	33610	1079	2659	12274	341	3162	6778	3938	1654	888	837
DMPAB	118	BET	FS	2007	3	44019	1280	17635	3305	1712	3831	7055	4606	1994	1164	1437
DMPAB	119	BET	FS	2007	4	24064	20	60	77	282	5098	9183	5158	2021	1091	1074
DMPAB	120	BET	FS	2008	1	148148	745	8486	11751	4443	28785	46047	26775	11042	5507	4567
DMPAB	121	BET	FS	2008	2	33034	1872	13432	11261	1228	1384	1995	963	427	256	216
DMPAB	122	BET	FS	2008	3	37994	2648	8539	9486	464	2941	7138	4125	1554	671	428
DMPAB	123	BET	FS	2008	4	170860	5038	49946	72787	3362	8881	14847	8329	3752	2094	1824
DMPAB	124	BET	FS	2009	1	207430	3918	59315	89632	10465	10429	14000	9416	4621	2793	2841
DMPAB	125	BET	FS	2009	2	20140	546	1251	6102	901	3411	4425	2014	792	393	305
DMPAB	126	BET	FS	2009	3	39525	1340	7267	13454	885	3693	6646	3821	1420	614	385
DMPAB	127	BET	FS	2009	4	47044	353	10726	11905	3798	5685	8254	4051	1357	560	355
DMPAB	128	BET	FS	2010	1	130501	2496	46988	56827	7515	5618	6348	2740	958	511	500
DMPAB	129	BET	FS	2010	2	53869	178	1513	9082	10474	5130	8374	8240	4744	3057	3077
DMPAB	130	BET	FS	2010	3	13272	28	1379	7940	2737	121	448	384	147	57	31
DMPAB	131	BET	FS	2010	4	43816	810	11067	19751	5103	476	2561	2268	992	472	316
DMPAB	132	BET	FS	2011	1	92722	1553	31363	39400	4301	3952	5051	3591	1731	973	807
DMPAB	133	BET	FS	2011	2	63449	1567	10201	39411	3009	2442	4151	1601	584	280	203
DMPAB	134	BET	FS	2011	3	91908	3771	10839	12934	3464	17746	22010	11075	4939	2698	2432
DMPAB	135	BET	FS	2011	4	52994	935	6763	10799	6718	8017	8949	5495	2587	1447	1284
DMPAB	136	BET	LL	1952	4	6430	0	4	18	494	2116	2047	933	387	218	213
DMPAB	137	BET	LL	1953	1	4061	0	0	10	436	1507	1140	516	219	119	114
DMPAB	138	BET	LL	1953	2	7591	0	0	13	915	2122	2089	1225	579	341	307
DMPAB	139	BET	LL	1953	3	5068	0	1	25	727	1538	1423	723	319	174	138
DMPAB	140	BET	LL	1953	4	20059	0	6	58	1233	5405	6570	3297	1559	973	958
DMPAB	141	BET	LL	1954	1	18809	0	11	231	1639	4758	4538	2794	1592	1254	1992
DMPAB	142	BET	LL	1954	2	40035	0	2	38	4065	10251	8870	5793	3415	2907	4694
DMPAB	143	BET	LL	1954	3	41964	1	13	314	5499	11928	10734	5994	3072	2083	2326
DMPAB	144	BET	LL	1954	4	44067	0	23	218	3712	12088	12783	6759	3524	2393	2567
DMPAB	145	BET	LL	1955	1	52135	0	12	265	4497	15198	14175	8096	4045	2677	3170
DMPAB	146	BET	LL	1955	2	34098	0	11	219	3967	10050	7636	4354	2521	2111	3229
DMPAB	147	BET	LL	1955	3	44214	1	24	791	6354	11655	10635	6272	3344	2352	2786
DMPAB	148	BET	LL	1955	4	74583	1	39	316	5968	17907	19410	11343	6451	5135	8013
DMPAB	149	BET	LL	1956	1	55542	0	9	210	5310	16529	14778	8297	4130	2792	3487
DMPAB	150	BET	LL	1956	2	55558	0	11	332	6523	15211	12580	7455	4220	3548	5678
DMPAB	151	BET	LL	1956	3	84060	2	39	662	11850	22044	19440	11702	6674	4993	6654
DMPAB	152	BET	LL	1956	4	72769	1	36	291	5673	16436	18197	11198	6593	5457	8887
DMPAB	153	BET	LL	1957	1	87282	0	21	433	8091	26069	23689	13321	6495	4220	4943
DMPAB	154	BET	LL	1957	2	53538	0	6	301	6444	13930	11720	7322	4287	3631	5897
DMPAB	155	BET	LL	1957	3	56799	2	58	822	11062	15332	11512	6289	3732	3041	4949
DMPAB	156	BET	LL	1957	4	61394	3	31	492	5908	16127	15784	8955	5082	3833	5179
DMPAB	157	BET	LL	1958	1	90328	1	67	910	10020	26200	22410	12840	6493	4649	6738
DMPAB	158	BET	LL	1958	2	72235	0	16	360	7551	17600	15427	10251	6193	5493	9344
DMPAB	159	BET	LL	1958	3	29342	3	41	607	6647	7659	6204	3174	1766	1265	1976
DMPAB	160	BET	LL	1958	4	55476	6	27	748	6898	14189	12919	7304	4186	3407	5792
DMPAB	161	BET	LL	1959	1	51051	1	11	276	5096	14022	12156	7350	4091	3161	4887
DMPAB	162	BET	LL	1959	2	67418	0	12	353	8598	18290	15178	8915	5032	4266	6774
DMPAB	163	BET	LL	1959	3	49027	2	39	689	8526	12341	11309	6569	3638	2551	3363
DMPAB	164	BET	LL	1959	4	43762	1	19	405	5253	11199	11149	6080	3320	2540	3796
DMPAB	165	BET	LL	1960	1	83710	1	19	310	7661	23155	20696	12539	6718	5117	7494
DMPAB	166	BET	LL	1960	2	102872	0	22	581	12525	28078	23367	13700	7782	6539	10278
DMPAB	167	BET	LL	1960	3	63436	2	38	762	10950	18651	15495	8140	4018	2541	2839
DMPAB	168	BET	LL	1960	4	94132	3	41	655	10671	23535	23085	13167	7515	6049	9411
DMPAB	169	BET	LL	1961	1	67938	1	30	470	7252	18236	16201	9789	5323	4205	6431
DMPAB	170	BET	LL	1961	2	53466	0	9	376	7230	13149	12506	7245	3980	3395	5576
DMPAB	171	BET	LL	1961	3	66026	3	47	812	11063	18954	15946	8362	4294	2937	3608
DMPAB	172	BET	LL	1961	4	133050	4	134	1034	13688	34480	33705	19259	10992	8502	11252
DMPAB	173	BET	LL	1962	1	99290	1	19	488	8642	27404	26216	15513	7916	5659	7432
DMPAB	174	BET	LL	1962	2	70814	0	13	453	9920	18946	15500	9093	5303	4453	7133
DMPAB	175	BET	LL	1962	3	121741	3	46	783	17427	37188	30820	16223	8154	5311	5786
DMPAB	176	BET	LL	1962	4	107213	5	87	988	12170	27293	24868	14625	8519	7051	11607
DMPAB	177	BET	LL	1963	1	70760	1	22	463	7502	20187	18015	10516	5412	3798	4844
DMPAB	178	BET	LL	1963	2	50489	0	8	349	7775	11791	11158	6637	3923	3392	5456
DMPAB	179	BET	LL	1963	3	95845	3	31	589	13714	35022	24461	10838	4931	3046	3210
DMPAB	180	BET	LL	1963	4	77119	1	32	531	8073	18706	19215	11357	6381	5089	7734
DMPAB	181	BET	LL	1964	1	65889	0	0	51	6529	17860	17335	10490	5279	3678	4667
DMPAB	182	BET	LL	1964	2	85109	0	0	27	9128	24014	19603	12012	6663	5391	8271
DMPAB	183	BET	LL	1964	3	125704	0	0	109	10851	35557	31803	19536	11690	8071	8087
DMPAB	184	BET	LL	1964	4	101653	0	0	63	8844	25927	27808	17183	8671	6016	7141
DMPAB	185	BET	LL	1965	1	116616	0	0	256	15440	31401	27001	16445	8604	6784	10685
DMPAB	186	BET	LL	1965	2	99902	0	0	70	14362	28194	21962	13758	7443	5840	8273
DMPAB	187	BET	LL	1965	3	98575	0	0	133	13405	27743	22094	13716	8134	5836	7514
DMPAB	188	BET	LL	1965	4	98832	0	3	642	8888	25191	23335	13955	8274	6905	11639
DMPAB	189	BET	LL	1966	1	142078	0	12	136	10132	42652	31902	19483	11761	9805	16195
DMPAB	190	BET	LL	1966	2	112722	0	40	885	14105	30857	19489	11714	8243	8719	18670
DMPAB	191	BET	LL	1966	3	102311	2	511	4115	22704	27595	17552	10636	6047	5522	7627
DMPAB	192	BET	LL	1966	4	142395	11	211	1290	19403	28709	31410	20459	12458	10887	17557
DMPAB	193	BET	LL	1967	1	164934	0	0	210	18533	52006	41536	23566	11212	7756	10115
DMPAB	194	BET	LL	1967	2	137545	0	0	82	15148	38261	35128	19478	10913	7982	10553
DMPAB	195	BET	LL	1967	3	142708	0	0	28	15414	44276	34795	19087	11612	8216	9280
DMPAB	196	BET	LL	1967	4	94614	0	49	187	8673	27659	23214	15115	7614	5364	6739
DMPAB	197	BET	LL	1968	1	207488	0	344	1683	20498	60818	52319	31098	15707	10487	14534
DMPAB	198	BET	LL	1968	2	211659	1	403	1301	27910	54149	48557	32327	17085	12251	17675
DMPAB	199	BET	LL	1968	3	255453	0	47	482	30047	69620	60707	41075	22698	13818	16959
DMPAB	200	BET	LL	1968	4	178586	1	79	665	14525	50601	46925	31434	15030	8800	10526
DMPAB	201	BET	LL	1969	1	248048	1	53	4783	37231	70664	54354	31184	18432	13484	17862
DMPAB	202	BET	LL	1969	2	153165	0	0	928	19794	51726	41195	17156	8106	6263	7997
DMPAB	203	BET	LL	1969	3	166462	2	25	239	23655	54151	47798	17270	8669	6735	7918
DMPAB	204	BET	LL	1969	4	158446	59	142	950	33572	53891	32486	16161	7820	5736	7629
DMPAB	205	BET	LL	1970	1	123961	9	192	4365	20142	32526	25663	20165	7493	5126	8280
DMPAB	206	BET	LL	1970	2	176293	4	356	8465	22457	56869	41490	23588	9194	6033	7837
DMPAB	207	BET	LL	1970	3	243316	38	212	11326	32631	92139	50914	26644	13202	8081	8129
DMPAB	208	BET	LL	1970	4	139803	17	95	2322	16588	42578	37058	17123	9283	6945	7794
DMPAB	209	BET	LL	1971	1	129407	0	46	2396	18595	31630	31236	16304	9497	7850	11853
DMPAB	210	BET	LL	1971	2	157478	13	2	149	38750	40335	36085	17405	9375	6872	8492
DMPAB	211	BET	LL	1971	3	146567	0	15	1029	22933	25352	37292	25871	14678	9782	9615
DMPAB	212	BET	LL	1971	4	92026	0	50	2023	19848	21073	18425	12785	7357	5091	5374
DMPAB	213	BET	LL	1972	1	132208	4	68	2983	18523	37183	37107	19089	7224	4935	5092
DMPAB	214	BET	LL	1972	2	129743	0	0	138	10379	47926	38630	18852	6282	3878	3658
DMPAB	215	BET	LL	1972	3	97432	0	14	752	9243	32974	23121	12523	7756	5558	5491
DMPAB	216	BET	LL	1972	4	93287	0	52	480	7596	22875	20872	14987	9300	7364	9761
DMPAB	217	BET	LL	1973	1	87006	0	51	218	4461	20754	20610	15838	9540	6817	8717
DMPAB	218	BET	LL	1973	2	101568	0	55	233	5367	29082	25374	15758	9302	6923	9474
DMPAB	219	BET	LL	1973	3	86372	0	15	176	4373	32092	27579	9931	4826	3462	3918
DMPAB	220	BET	LL	1973	4	83295	0	54	435	3260	22515	27001	11972	5907	4666	7485
DMPAB	221	BET	LL	1974	1	144089	0	161	1209	20062	35435	47124	18223	7431	5498	8946
DMPAB	222	BET	LL	1974	2	172490	0	110	849	25953	41394	69087	22180	5832	3061	4024
DMPAB	223	BET	LL	1974	3	145039	52	1570	3637	13207	29138	41747	24588	11806	8516	10778
DMPAB	224	BET	LL	1974	4	173676	49	1735	7958	20393	31660	38521	31121	16163	11735	14341
DMPAB	225	BET	LL	1975	1	272402	1	257	9225	39497	68160	54898	38972	21181	15518	24693
DMPAB	226	BET	LL	1975	2	272273	6	1082	13522	90899	69808	43286	21977	12341	9337	10015
DMPAB	227	BET	LL	1975	3	195076	84	898	10044	52401	41766	29003	23156	16203	10958	10563
DMPAB	228	BET	LL	1975	4	207824	1	484	7364	46688	48460	36689	26551	16499	11193	13895
DMPAB	229	BET	LL	1976	1	163480	2	102	2284	19890	37366	32097	28254	15357	10444	17684
DMPAB	230	BET	LL	1976	2	193991	0	30	4248	39133	96138	26371	9889	7079	5731	5372
DMPAB	231	BET	LL	1976	3	224485	0	1	633	90942	93780	16929	6617	5234	4872	5477
DMPAB	232	BET	LL	1976	4	180758	6	497	3279	33206	62811	29852	17443	10985	9971	12708
DMPAB	233	BET	LL	1977	1	123286	10	378	2707	21385	39777	21520	11149	7013	7282	12065
DMPAB	234	BET	LL	1977	2	183949	0	4	195	18176	48552	45668	18703	10188	13154	29309
DMPAB	235	BET	LL	1977	3	220900	0	7	341	22605	61209	56082	26650	14816	13326	25864
DMPAB	236	BET	LL	1977	4	191172	0	17	475	12222	30947	50651	31253	17659	16352	31596
DMPAB	237	BET	LL	1978	1	333592	0	6	324	7267	51908	85941	65007	38464	31320	53355
DMPAB	238	BET	LL	1978	2	269476	0	20	1799	24683	89346	76150	34348	16651	11598	14881
DMPAB	239	BET	LL	1978	3	277543	0	54	1783	27863	91939	88732	33323	13233	9168	11448
DMPAB	240	BET	LL	1978	4	161946	0	2	569	11478	50632	47068	22838	11102	7952	10305
DMPAB	241	BET	LL	1979	1	154637	5	27	603	20083	46863	40904	18916	10218	6851	10167
DMPAB	242	BET	LL	1979	2	214553	5	9	620	36446	57600	51528	24827	14613	11119	17786
DMPAB	243	BET	LL	1979	3	234058	6	22	335	27830	82635	69245	25064	11918	7783	9220
DMPAB	244	BET	LL	1979	4	188474	11	29	920	33351	61634	52621	21333	7584	4710	6281
DMPAB	245	BET	LL	1980	1	147027	7	23	498	22039	47268	38041	17293	8451	5601	7806
DMPAB	246	BET	LL	1980	2	205511	99	573	1980	35146	52468	44091	22599	11878	11051	25626
DMPAB	247	BET	LL	1980	3	252745	9	118	5813	51665	72380	66165	25154	11079	8237	12125
DMPAB	248	BET	LL	1980	4	223433	2	92	3419	50280	56263	52421	26874	12185	8350	13547
DMPAB	249	BET	LL	1981	1	173173	3	20	939	25105	42472	37101	25373	13481	10526	18153
DMPAB	250	BET	LL	1981	2	219839	1	140	2986	40566	73950	42652	25701	13182	8764	11897
DMPAB	251	BET	LL	1981	3	222415	8	148	2844	41466	76183	48753	22974	10845	8032	11162
DMPAB	252	BET	LL	1981	4	204243	1	40	2274	41051	61941	36974	19867	11964	10387	19744
DMPAB	253	BET	LL	1982	1	201872	12	49	1746	33198	63248	35688	22499	13702	10400	21330
DMPAB	254	BET	LL	1982	2	266884	6	73	3779	33602	63019	45594	30133	20417	19343	50918
DMPAB	255	BET	LL	1982	3	217541	33	156	4800	39097	80574	41653	19298	10333	8189	13408
DMPAB	256	BET	LL	1982	4	271747	30	680	9672	47643	76227	56639	31457	17535	13433	18431
DMPAB	257	BET	LL	1983	1	290286	15	196	4036	52024	86477	61216	30794	16744	13020	25764
DMPAB	258	BET	LL	1983	2	306450	2	76	2321	52255	79196	65678	32566	18667	17543	38146
DMPAB	259	BET	LL	1983	3	273734	5	187	6655	41452	79232	75311	33967	15289	10338	11298
DMPAB	260	BET	LL	1983	4	257071	1	58	4327	40061	68679	62786	34386	18976	13288	14509
DMPAB	261	BET	LL	1984	1	184107	7	154	2870	26440	56827	41250	22251	11874	8644	13790
DMPAB	262	BET	LL	1984	2	203933	6	98	2390	22632	47591	50955	24443	16000	15386	24432
DMPAB	263	BET	LL	1984	3	226906	8	95	3751	34379	71672	56434	23449	12394	9531	15193
DMPAB	264	BET	LL	1984	4	262803	13	190	3173	26477	85886	63718	30539	17106	12937	22764
DMPAB	265	BET	LL	1985	1	230629	3	77	1788	21965	74049	56109	29120	16020	12361	19137
DMPAB	266	BET	LL	1985	2	224469	2	27	1098	25995	62578	62332	31222	15481	10708	15026
DMPAB	267	BET	LL	1985	3	283068	1	48	1056	48404	93891	68554	32649	14997	9762	13706
DMPAB	268	BET	LL	1985	4	299071	22	849	5607	49907	95129	68427	33383	16633	11895	17219
DMPAB	269	BET	LL	1986	1	249411	9	349	3550	30500	81993	57831	28892	14992	11917	19378
DMPAB	270	BET	LL	1986	2	218419	10	338	3315	21700	71791	57989	26684	13141	9500	13951
DMPAB	271	BET	LL	1986	3	273239	0	106	1896	27656	91429	76878	33304	15310	10533	16127
DMPAB	272	BET	LL	1986	4	315987	2	15	582	31890	100571	92087	44870	18523	11811	15636
DMPAB	273	BET	LL	1987	1	270463	0	1	591	20335	87234	71121	37149	17880	13655	22497
DMPAB	274	BET	LL	1987	2	253946	0	1	171	18620	76437	86589	36780	13224	8224	13900
DMPAB	275	BET	LL	1987	3	284426	0	13	399	27108	90954	90357	34264	12208	9941	19182
DMPAB	276	BET	LL	1987	4	294015	2	43	821	27135	84399	76575	39908	18722	16628	29782
DMPAB	277	BET	LL	1988	1	344685	0	2	730	27222	97645	96779	47715	25150	19626	29816
DMPAB	278	BET	LL	1988	2	244806	0	29	1807	16842	56683	73660	36255	18361	15601	25568
DMPAB	279	BET	LL	1988	3	281704	0	6	1765	25048	74686	89541	39784	16930	14081	19863
DMPAB	280	BET	LL	1988	4	337967	0	18	1892	40682	101609	99190	38279	16893	14786	24618
DMPAB	281	BET	LL	1989	1	298586	19	337	1779	36559	87736	77160	36217	19358	15683	23738
DMPAB	282	BET	LL	1989	2	308259	0	4	836	46988	82831	70953	35498	20271	20041	30837
DMPAB	283	BET	LL	1989	3	320025	0	7	2825	61031	101133	73424	32894	15663	13315	19733
DMPAB	284	BET	LL	1989	4	382730	0	35	6733	76570	98307	97709	49566	21685	14511	17614
DMPAB	285	BET	LL	1990	1	299434	0	79	3138	34619	85391	78589	43205	19786	13863	20764
DMPAB	286	BET	LL	1990	2	242466	0	1	263	27650	76147	63016	34357	16042	10787	14203
DMPAB	287	BET	LL	1990	3	387972	0	5	569	38717	129539	110417	49158	22055	15740	21772
DMPAB	288	BET	LL	1990	4	411919	0	3	251	34916	115512	125121	65613	30401	17634	22468
DMPAB	289	BET	LL	1991	1	491152	21	298	1740	39587	127779	138193	92273	41176	21532	28553
DMPAB	290	BET	LL	1991	2	303184	1	176	1830	18544	68041	77744	55582	35975	21553	23738
DMPAB	291	BET	LL	1991	3	239093	0	3	126	28507	77717	72223	32049	12394	7320	8754
DMPAB	292	BET	LL	1991	4	268572	2	61	357	20745	77541	85598	48476	19595	8933	7264
DMPAB	293	BET	LL	1992	1	151618	0	135	1075	10045	38446	48296	32652	10428	4424	6117
DMPAB	294	BET	LL	1992	2	275527	1	242	910	14384	88288	90619	43440	16715	8917	12011
DMPAB	295	BET	LL	1992	3	371202	10	4859	26892	36870	154440	77377	33740	15207	10101	11706
DMPAB	296	BET	LL	1992	4	669196	5	127	3199	76571	277083	157293	70105	34117	24519	26177
DMPAB	297	BET	LL	1993	1	304400	7	58	288	14656	88215	103587	44803	21709	14153	16924
DMPAB	298	BET	LL	1993	2	376460	0	2	122	20041	79888	98321	62461	37381	30143	48101
DMPAB	299	BET	LL	1993	3	319783	1	82	2485	28648	105777	92417	31848	15838	13861	28826
DMPAB	300	BET	LL	1993	4	809440	24	533	9783	94470	252921	231995	101434	44219	29731	44330
DMPAB	301	BET	LL	1994	1	574231	1	96	3921	76681	187306	135975	66529	34473	26925	42324
DMPAB	302	BET	LL	1994	2	364036	0	108	3187	36516	102759	78271	44492	28101	26935	43667
DMPAB	303	BET	LL	1994	3	441105	8	52	2367	62487	129606	100228	58186	33324	24685	30162
DMPAB	304	BET	LL	1994	4	587641	4	80	2289	72810	151429	162133	88686	41095	29222	39893
DMPAB	305	BET	LL	1995	1	479931	16	534	4241	79587	150302	100681	53005	30408	22702	38455
DMPAB	306	BET	LL	1995	2	357435	0	12	744	66836	128288	71863	30140	17666	15060	26826
DMPAB	307	BET	LL	1995	3	586855	5	479	9106	162828	186985	123343	49393	20030	13869	20817
DMPAB	308	BET	LL	1995	4	821995	2	352	10930	181624	260422	191387	77101	35550	26197	38430
DMPAB	309	BET	LL	1996	1	473523	2	281	4569	72754	156559	100685	42860	23166	23350	49297
DMPAB	310	BET	LL	1996	2	379116	1	37	1736	43047	106497	102528	44053	20452	19645	41120
DMPAB	311	BET	LL	1996	3	645752	27	453	5275	120878	209847	150536	66757	31613	22406	37960
DMPAB	312	BET	LL	1996	4	861782	33	778	7187	131400	270586	227918	98433	43985	31156	50306
DMPAB	313	BET	LL	1997	1	623897	7	293	4338	90408	247136	126423	56286	27045	22716	49245
DMPAB	314	BET	LL	1997	2	522620	0	126	2303	93619	154609	114255	46043	26711	25666	59288
DMPAB	315	BET	LL	1997	3	703749	5	309	3691	92383	273091	189024	69971	28327	18428	28520
DMPAB	316	BET	LL	1997	4	827706	2	208	5152	117863	300564	202314	89344	39419	25965	46875
DMPAB	317	BET	LL	1998	1	602506	3	67	2688	126291	181488	146118	66082	30910	20632	28227
DMPAB	318	BET	LL	1998	2	580518	2	804	4276	130495	180382	118896	56847	29545	22775	36496
DMPAB	319	BET	LL	1998	3	678467	9	1410	10153	125927	246897	157989	61069	24763	18029	32221
DMPAB	320	BET	LL	1998	4	1011664	3	912	18922	186017	370500	249109	87959	36642	26302	35298
DMPAB	321	BET	LL	1999	1	549862	1	336	11574	110311	192190	133750	46191	19573	14414	21522
DMPAB	322	BET	LL	1999	2	602124	4	179	13018	119933	181491	153441	61690	26991	19320	26057
DMPAB	323	BET	LL	1999	3	728605	3	45	14322	130605	228911	173406	78272	39859	27331	35851
DMPAB	324	BET	LL	1999	4	854072	0	42	7409	149840	271241	209180	88498	46759	35411	45692
DMPAB	325	BET	LL	2000	1	601082	0	20	4445	146908	169948	132474	56777	28276	23417	38817
DMPAB	326	BET	LL	2000	2	613393	7	75	8544	146330	173970	150876	55666	24342	18932	34651
DMPAB	327	BET	LL	2000	3	695729	7	455	15347	163093	249518	166878	49677	17936	12390	20428
DMPAB	328	BET	LL	2000	4	605465	8	434	11026	117555	163735	144105	60565	32100	28237	47700
DMPAB	329	BET	LL	2001	1	710468	18	431	5054	138535	266597	132004	58950	31684	26652	50543
DMPAB	330	BET	LL	2001	2	562597	2	98	6570	133122	182942	106646	55780	28156	20886	28395
DMPAB	331	BET	LL	2001	3	628510	6	124	14079	171843	221822	119320	45702	17769	12311	25534
DMPAB	332	BET	LL	2001	4	580479	0	57	6384	117627	201867	132720	56770	23429	15478	26147
DMPAB	333	BET	LL	2002	1	554731	3	46	4240	74747	181779	145460	68294	30025	19234	30903
DMPAB	334	BET	LL	2002	2	533320	1	27	2268	77511	181258	136221	64540	27843	16830	26821
DMPAB	335	BET	LL	2002	3	607875	1	66	2556	91382	234240	160478	55253	23015	15495	25389
DMPAB	336	BET	LL	2002	4	857590	0	74	2639	66799	274776	244387	117194	56066	37434	58221
DMPAB	337	BET	LL	2003	1	677608	1	73	6239	48973	184218	203180	106858	48486	30841	48739
DMPAB	338	BET	LL	2003	2	612516	3	133	8663	42153	149159	180166	106263	52603	31130	42243
DMPAB	339	BET	LL	2003	3	536410	2	96	1826	41980	221126	172818	53214	18631	11072	15645
DMPAB	340	BET	LL	2003	4	451342	4	162	2637	32322	136618	125236	67777	33854	22211	30521
DMPAB	341	BET	LL	2004	1	566371	0	8	1448	32962	156449	169626	89892	44516	30095	41375
DMPAB	342	BET	LL	2004	2	506830	0	7	2118	30814	120680	150509	90360	46069	29377	36896
DMPAB	343	BET	LL	2004	3	671349	0	27	1825	63483	222362	211021	94719	37583	20333	19996
DMPAB	344	BET	LL	2004	4	703773	1	87	4249	48414	196872	217277	118842	52480	30374	35177
DMPAB	345	BET	LL	2005	1	515077	1	52	4470	35481	124344	143446	88916	45300	30879	42188
DMPAB	346	BET	LL	2005	2	439217	0	7	1505	21368	106003	112000	71811	41991	33679	50853
DMPAB	347	BET	LL	2005	3	602864	2134	29406	8803	54519	183314	175457	73301	31063	19534	25333
DMPAB	348	BET	LL	2005	4	434800	836	11520	3669	26628	106623	124401	69573	34059	23281	34210
DMPAB	349	BET	LL	2006	1	507951	1404	19339	5882	23599	104713	142604	83691	44080	33086	49553
DMPAB	350	BET	LL	2006	2	386327	826	11394	4526	17920	88263	98509	59044	33585	27207	45053
DMPAB	351	BET	LL	2006	3	376598	150	2071	2550	33562	123821	114039	50144	21052	12890	16319
DMPAB	352	BET	LL	2006	4	611307	475	6576	2799	37627	153408	183453	103008	48572	31997	43392
DMPAB	353	BET	LL	2007	1	509184	0	13	842	22438	126366	149695	88260	45484	31857	44229
DMPAB	354	BET	LL	2007	2	422312	0	2	1904	19011	102275	118031	68688	39078	30827	42496
DMPAB	355	BET	LL	2007	3	322277	2	26	1079	28865	102550	95474	47264	19903	12225	14889
DMPAB	356	BET	LL	2007	4	635718	16	35	925	28708	156999	204045	108781	52415	35579	48215
DMPAB	357	BET	LL	2008	1	342556	6	2	262	16002	83573	101954	58059	31306	22280	29112
DMPAB	358	BET	LL	2008	2	296824	4	2	197	10848	64380	86534	53439	30080	22405	28935
DMPAB	359	BET	LL	2008	3	191375	14	2	260	17993	62468	49608	26470	13393	9495	11672
DMPAB	360	BET	LL	2008	4	568032	22	3	408	24336	154588	166974	90409	48386	35227	47679
DMPAB	361	BET	LL	2009	1	352484	23	54	1313	11532	84404	120484	60763	27637	18353	27921
DMPAB	362	BET	LL	2009	2	283663	20	36	669	10635	64111	87604	51083	24863	17287	27355
DMPAB	363	BET	LL	2009	3	219092	1	9	223	11330	61653	68884	35580	15904	10555	14953
DMPAB	364	BET	LL	2009	4	450541	0	1	384	14938	96757	140942	83857	41819	29214	42629
DMPAB	365	BET	LL	2010	1	299788	54	18	442	16730	74435	86878	49582	26013	18984	26652
DMPAB	366	BET	LL	2010	2	185436	19	57	400	9300	48448	56496	31541	15419	10644	13112
DMPAB	367	BET	LL	2010	3	173784	0	47	679	20097	57927	44659	23895	10912	6859	8709
DMPAB	368	BET	LL	2010	4	297400	0	2	509	24079	83252	75856	42825	23403	18268	29206
DMPAB	369	BET	LL	2011	1	462318	3	7	1231	23100	127087	140700	70832	35159	26549	37650
DMPAB	370	BET	LL	2011	2	312098	1	3	724	18434	86448	98866	43058	23598	18276	22690
DMPAB	371	BET	LL	2011	3	186529	0	2	366	22706	60647	46158	18795	11664	10212	15979
DMPAB	372	BET	LL	2011	4	112667	0	2	85	12298	30639	30676	10757	8368	8828	11014
DMPAB	373	BET	LS	1978	2	0	0	0	0	0	0	0	0	0	0	0
DMPAB	374	BET	LS	1978	3	29	0	5	17	6	1	0	0	0	0	0
DMPAB	375	BET	LS	1978	4	773	28	269	407	57	11	1	0	0	0	0
DMPAB	376	BET	LS	1979	1	9	0	3	5	1	0	0	0	0	0	0
DMPAB	377	BET	LS	1979	2	64	24	21	18	1	0	0	0	0	0	0
DMPAB	378	BET	LS	1979	3	15	0	3	8	3	1	0	0	0	0	0
DMPAB	379	BET	LS	1979	4	117	4	41	61	9	2	0	0	0	0	0
DMPAB	380	BET	LS	1980	1	606	8	151	348	93	6	0	0	0	0	0
DMPAB	381	BET	LS	1980	2	846	219	238	307	77	4	1	0	0	0	0
DMPAB	382	BET	LS	1980	3	680	43	269	251	105	12	0	0	0	0	0
DMPAB	383	BET	LS	1980	4	1174	61	476	524	94	17	2	0	0	0	0
DMPAB	384	BET	LS	1981	1	1238	13	265	762	191	7	0	0	0	0	0
DMPAB	385	BET	LS	1981	2	111	27	30	41	12	1	0	0	0	0	0
DMPAB	386	BET	LS	1981	3	103	7	41	37	16	2	0	0	0	0	0
DMPAB	387	BET	LS	1981	4	922	28	354	410	108	21	1	0	0	0	0
DMPAB	388	BET	LS	1982	1	3544	32	732	2056	677	44	3	0	0	0	0
DMPAB	389	BET	LS	1982	2	3709	585	821	1581	672	40	8	2	0	0	0
DMPAB	390	BET	LS	1982	3	4008	283	1686	1384	596	58	1	0	0	0	0
DMPAB	391	BET	LS	1982	4	5167	308	2240	2102	430	76	10	1	0	0	0
DMPAB	392	BET	LS	1983	1	7070	23	91	2761	3822	347	26	0	0	0	0
DMPAB	393	BET	LS	1983	2	13100	22	86	5080	7168	692	52	0	0	0	0
DMPAB	394	BET	LS	1983	3	6996	30	116	2744	3754	328	24	0	0	0	0
DMPAB	395	BET	LS	1983	4	19514	102	402	7686	10390	870	64	0	0	0	0
DMPAB	396	BET	LS	1984	1	10138	202	433	4092	5096	294	21	0	0	0	0
DMPAB	397	BET	LS	1984	2	46608	1489	5474	20470	19037	136	2	0	0	0	0
DMPAB	398	BET	LS	1984	3	53354	2190	11041	21938	17821	345	19	0	0	0	0
DMPAB	399	BET	LS	1984	4	405535	11883	210115	161388	18438	2628	1016	65	2	0	0
DMPAB	400	BET	LS	1985	1	62715	1052	19024	40105	2361	153	19	1	0	0	0
DMPAB	401	BET	LS	1985	2	135134	2561	24714	75065	30810	1982	2	0	0	0	0
DMPAB	402	BET	LS	1985	3	174363	14163	74489	56741	26121	2830	19	0	0	0	0
DMPAB	403	BET	LS	1985	4	766135	74580	323248	268946	85854	12329	1154	24	0	0	0
DMPAB	404	BET	LS	1986	1	274883	1882	50803	181719	37179	3266	34	0	0	0	0
DMPAB	405	BET	LS	1986	2	193402	1189	16011	163447	12501	253	1	0	0	0	0
DMPAB	406	BET	LS	1986	3	370238	3382	37795	262479	61924	4562	92	1	2	1	0
DMPAB	407	BET	LS	1986	4	554556	4855	103476	331116	99019	15800	257	9	15	7	2
DMPAB	408	BET	LS	1987	1	177117	1044	23974	123504	27897	697	1	0	0	0	0
DMPAB	409	BET	LS	1987	2	119191	586	23522	80364	13910	806	3	0	0	0	0
DMPAB	410	BET	LS	1987	3	783741	43885	278666	406975	50832	3150	233	0	0	0	0
DMPAB	411	BET	LS	1987	4	618343	30673	89444	387217	102264	7409	992	312	30	2	0
DMPAB	412	BET	LS	1988	1	194844	66	46279	127665	20419	392	23	0	0	0	0
DMPAB	413	BET	LS	1988	2	187048	216	44410	121396	20136	621	258	11	0	0	0
DMPAB	414	BET	LS	1988	3	981316	19060	303761	588317	66211	2908	1010	37	7	3	2
DMPAB	415	BET	LS	1988	4	669007	37210	267459	324265	36373	3246	441	13	0	0	0
DMPAB	416	BET	LS	1989	1	393854	914	87089	231754	68785	4347	200	661	98	6	0
DMPAB	417	BET	LS	1989	2	445422	59887	168956	165238	49186	2014	45	83	12	1	0
DMPAB	418	BET	LS	1989	3	706729	46755	463600	185145	10890	311	27	1	0	0	0
DMPAB	419	BET	LS	1989	4	664716	10510	269644	360740	19225	4329	259	9	0	0	0
DMPAB	420	BET	LS	1990	1	174447	400	36358	136559	1059	71	0	0	0	0	0
DMPAB	421	BET	LS	1990	2	275073	6245	33274	226489	7961	803	287	14	0	0	0
DMPAB	422	BET	LS	1990	3	826799	71631	345490	362849	33911	12351	567	0	0	0	0
DMPAB	423	BET	LS	1990	4	365963	11169	152134	160404	39558	2622	76	0	0	0	0
DMPAB	424	BET	LS	1991	1	161785	1875	60402	86058	12168	984	237	54	6	1	0
DMPAB	425	BET	LS	1991	2	158517	4597	39841	85197	22609	4465	1467	316	23	2	0
DMPAB	426	BET	LS	1991	3	717232	17178	277865	338191	68681	14008	963	294	46	5	1
DMPAB	427	BET	LS	1991	4	986736	7715	326744	529275	96543	25044	1311	85	14	4	1
DMPAB	428	BET	LS	1992	1	407885	2923	82458	283666	34797	444	1065	1083	710	431	308
DMPAB	429	BET	LS	1992	2	267354	644	6656	227466	29441	3116	31	0	0	0	0
DMPAB	430	BET	LS	1992	3	530446	41933	172036	256065	55966	4205	230	11	0	0	0
DMPAB	431	BET	LS	1992	4	543701	37701	203091	205561	80956	15704	617	68	3	0	0
DMPAB	432	BET	LS	1993	1	558478	6682	219510	273415	53788	3427	443	664	353	136	60
DMPAB	433	BET	LS	1993	2	289808	6681	106219	140177	34683	2017	31	0	0	0	0
DMPAB	434	BET	LS	1993	3	576238	32806	260310	258292	21951	2878	1	0	0	0	0
DMPAB	435	BET	LS	1993	4	732045	40029	291069	352722	37127	10187	853	57	1	0	0
DMPAB	436	BET	LS	1994	1	517854	8120	143317	306991	58546	857	23	0	0	0	0
DMPAB	437	BET	LS	1994	2	583119	4344	147646	356209	73040	1878	2	0	0	0	0
DMPAB	438	BET	LS	1994	3	843591	28496	321049	442571	39321	11623	529	2	0	0	0
DMPAB	439	BET	LS	1994	4	1206633	17471	342025	732916	97891	15624	667	37	2	0	0
DMPAB	440	BET	LS	1995	1	1648043	18030	344923	1096475	175051	11461	1262	345	183	153	160
DMPAB	441	BET	LS	1995	2	1204643	94773	198998	820617	89811	141	106	76	56	37	28
DMPAB	442	BET	LS	1995	3	1052472	110335	289374	518213	116309	12931	2611	1097	570	465	567
DMPAB	443	BET	LS	1995	4	1123124	182350	361578	444697	116824	17421	252	2	0	0	0
DMPAB	444	BET	LS	1996	1	350766	61021	126297	111891	38626	12728	203	0	0	0	0
DMPAB	445	BET	LS	1996	2	479340	94463	151066	166223	61187	6335	64	2	0	0	0
DMPAB	446	BET	LS	1996	3	1644706	96926	662310	750620	80760	43636	7491	1899	626	202	236
DMPAB	447	BET	LS	1996	4	2172590	223104	876922	899810	121368	37415	9944	2540	721	387	379
DMPAB	448	BET	LS	1997	1	2367822	104249	930223	1258962	69561	2633	497	796	504	255	142
DMPAB	449	BET	LS	1997	2	1132885	93384	411126	577753	48962	1099	428	119	13	1	0
DMPAB	450	BET	LS	1997	3	2873471	89990	1259306	1450074	66294	6838	903	64	2	0	0
DMPAB	451	BET	LS	1997	4	2113719	60208	729591	1158475	147224	18033	188	0	0	0	0
DMPAB	452	BET	LS	1998	1	2117849	1618	449721	1313021	299455	51050	1901	944	125	12	2
DMPAB	453	BET	LS	1998	2	572493	72	90251	454571	27466	129	3	1	0	0	0
DMPAB	454	BET	LS	1998	3	651736	23581	244904	311865	50976	17089	2273	675	225	78	70
DMPAB	455	BET	LS	1998	4	897411	49886	305748	420031	96194	21838	2855	646	122	46	45
DMPAB	456	BET	LS	1999	1	1358090	18635	478417	756110	104460	468	0	0	0	0	0
DMPAB	457	BET	LS	1999	2	985990	29793	349775	490088	108607	7425	298	4	0	0	0
DMPAB	458	BET	LS	1999	3	1874087	65855	637334	1007730	119310	36469	5161	1330	468	184	246
DMPAB	459	BET	LS	1999	4	3262733	220369	1033952	1628801	295658	73220	8799	1349	249	136	200
DMPAB	460	BET	LS	2000	1	993834	22674	401138	468107	88852	11512	1314	100	54	42	41
DMPAB	461	BET	LS	2000	2	700099	7871	165674	453757	61050	4441	5032	1865	325	65	19
DMPAB	462	BET	LS	2000	3	2246093	387947	982332	677433	105585	84562	8062	169	3	0	0
DMPAB	463	BET	LS	2000	4	1306280	158523	541419	448570	87714	67966	2044	43	1	0	0
DMPAB	464	BET	LS	2001	1	1208966	43825	349702	721605	81334	11439	1010	50	1	0	0
DMPAB	465	BET	LS	2001	2	948950	69005	224321	583150	62329	9427	627	50	17	8	16
DMPAB	466	BET	LS	2001	3	1727295	250187	987900	400112	56981	28977	2584	385	117	38	14
DMPAB	467	BET	LS	2001	4	1235231	367708	573068	217034	40679	34100	2412	108	35	42	45
DMPAB	468	BET	LS	2002	1	1443548	32567	759425	596083	48414	4170	1781	803	230	57	18
DMPAB	469	BET	LS	2002	2	1022468	71572	300542	600843	42755	5292	794	390	161	73	46
DMPAB	470	BET	LS	2002	3	2713638	301226	1225675	1085781	76362	19364	3248	1213	472	194	103
DMPAB	471	BET	LS	2002	4	1430317	154748	519267	641123	78280	31499	4578	514	206	74	28
DMPAB	472	BET	LS	2003	1	983673	21988	432063	460846	67040	1258	352	118	8	0	0
DMPAB	473	BET	LS	2003	2	409994	25822	135029	234203	13738	847	189	54	36	35	41
DMPAB	474	BET	LS	2003	3	1259066	89643	605324	454451	87434	20906	561	180	168	148	251
DMPAB	475	BET	LS	2003	4	959954	130864	316014	367413	103760	40256	1424	188	30	4	1
DMPAB	476	BET	LS	2004	1	839219	21608	255366	441845	113197	7143	36	18	5	1	0
DMPAB	477	BET	LS	2004	2	469320	36631	190524	197908	39893	4330	34	0	0	0	0
DMPAB	478	BET	LS	2004	3	1304981	128429	319070	693776	120438	40776	2300	179	12	1	0
DMPAB	479	BET	LS	2004	4	1211675	144170	403358	525790	114404	17908	3935	1448	450	148	64
DMPAB	480	BET	LS	2005	1	969139	26807	299562	580068	59217	2352	416	279	159	123	156
DMPAB	481	BET	LS	2005	2	638648	30057	144612	426281	35638	2054	6	0	0	0	0
DMPAB	482	BET	LS	2005	3	1223800	45579	509296	569253	84482	14114	935	129	11	1	0
DMPAB	483	BET	LS	2005	4	845770	30520	227308	430053	117785	29219	7504	2428	664	204	85
DMPAB	484	BET	LS	2006	1	958246	10379	92012	704417	144019	7182	236	1	0	0	0
DMPAB	485	BET	LS	2006	2	596603	38939	95363	416539	43662	2052	31	5	2	4	6
DMPAB	486	BET	LS	2006	3	1153351	120957	423845	503375	93551	10623	893	89	6	4	8
DMPAB	487	BET	LS	2006	4	1172616	96401	505619	430883	129600	9211	677	150	48	19	8
DMPAB	488	BET	LS	2007	1	723573	25619	198151	419402	76848	2928	387	163	46	18	11
DMPAB	489	BET	LS	2007	2	586731	35237	125289	387971	36136	2075	23	0	0	0	0
DMPAB	490	BET	LS	2007	3	2198775	240229	1260489	619864	51413	24500	1466	452	171	95	96
DMPAB	491	BET	LS	2007	4	1435836	95271	721105	528544	81917	7773	1023	161	33	7	2
DMPAB	492	BET	LS	2008	1	741138	28587	281092	379157	49657	2206	362	54	14	6	3
DMPAB	493	BET	LS	2008	2	916131	123576	335298	430773	25777	659	48	0	0	0	0
DMPAB	494	BET	LS	2008	3	2413574	298528	1147858	942451	22952	1723	31	14	9	5	3
DMPAB	495	BET	LS	2008	4	2125924	238106	908578	927673	43217	7272	689	229	105	39	16
DMPAB	496	BET	LS	2009	1	2633051	82660	884359	1594308	67650	844	1062	798	543	401	426
DMPAB	497	BET	LS	2009	2	1101697	111789	351794	619906	18086	83	11	9	8	6	5
DMPAB	498	BET	LS	2009	3	1974100	148905	726841	994617	93364	9808	469	76	15	4	1
DMPAB	499	BET	LS	2009	4	922461	88088	404771	338329	78500	11231	926	422	134	42	18
DMPAB	500	BET	LS	2010	1	2001250	90903	882123	907453	117686	2368	353	140	115	69	40
DMPAB	501	BET	LS	2010	2	674081	53012	127155	465672	25160	2970	111	1	0	0	0
DMPAB	502	BET	LS	2010	3	1536012	131611	861095	518931	24082	293	0	0	0	0	0
DMPAB	503	BET	LS	2010	4	792463	25353	233586	403062	124364	6051	42	5	0	0	0
DMPAB	504	BET	LS	2011	1	2065583	59722	761289	1137629	102599	3639	510	135	40	13	7
DMPAB	505	BET	LS	2011	2	625806	19776	96227	479131	29390	996	273	13	0	0	0
DMPAB	506	BET	LS	2011	3	820880	109440	456467	217638	31565	2392	1678	744	416	273	267
DMPAB	507	BET	LS	2011	4	890621	60336	453363	282029	87756	6180	893	50	12	2	0
DMPAB	508	BET	OTHER	1950	1	693	1	0	635	43	4	4	3	1	1	1
DMPAB	509	BET	OTHER	1950	2	693	1	0	635	43	4	4	3	1	1	1
DMPAB	510	BET	OTHER	1950	3	693	1	0	635	43	4	4	3	1	1	1
DMPAB	511	BET	OTHER	1950	4	693	1	0	635	43	4	4	3	1	1	1
DMPAB	512	BET	OTHER	1951	1	3895	3	1	3627	236	5	6	5	4	3	5
DMPAB	513	BET	OTHER	1951	2	3895	3	1	3627	236	5	6	5	4	3	5
DMPAB	514	BET	OTHER	1951	3	3895	3	1	3627	236	5	6	5	4	3	5
DMPAB	515	BET	OTHER	1951	4	3895	3	1	3627	236	5	6	5	4	3	5
DMPAB	516	BET	OTHER	1952	1	4236	4	1	3942	256	6	7	6	4	4	6
DMPAB	517	BET	OTHER	1952	2	4236	4	1	3942	256	6	7	6	4	4	6
DMPAB	518	BET	OTHER	1952	3	4236	4	1	3942	256	6	7	6	4	4	6
DMPAB	519	BET	OTHER	1952	4	4236	4	1	3942	256	6	7	6	4	4	6
DMPAB	520	BET	OTHER	1953	1	4300	4	1	4002	260	6	7	6	4	4	6
DMPAB	521	BET	OTHER	1953	2	4300	4	1	4002	260	6	7	6	4	4	6
DMPAB	522	BET	OTHER	1953	3	4300	4	1	4002	260	6	7	6	4	4	6
DMPAB	523	BET	OTHER	1953	4	4300	4	1	4002	260	6	7	6	4	4	6
DMPAB	524	BET	OTHER	1954	1	5303	5	1	4940	320	6	8	7	5	4	7
DMPAB	525	BET	OTHER	1954	2	5303	5	1	4940	320	6	8	7	5	4	7
DMPAB	526	BET	OTHER	1954	3	5303	5	1	4940	320	6	8	7	5	4	7
DMPAB	527	BET	OTHER	1954	4	5303	5	1	4940	320	6	8	7	5	4	7
DMPAB	528	BET	OTHER	1955	1	5305	5	1	4940	321	7	8	7	5	4	7
DMPAB	529	BET	OTHER	1955	2	5305	5	1	4940	321	7	8	7	5	4	7
DMPAB	530	BET	OTHER	1955	3	5305	5	1	4940	321	7	8	7	5	4	7
DMPAB	531	BET	OTHER	1955	4	5305	5	1	4940	321	7	8	7	5	4	7
DMPAB	532	BET	OTHER	1956	1	5628	5	2	5241	340	7	9	7	5	5	7
DMPAB	533	BET	OTHER	1956	2	5628	5	2	5241	340	7	9	7	5	5	7
DMPAB	534	BET	OTHER	1956	3	5628	5	2	5241	340	7	9	7	5	5	7
DMPAB	535	BET	OTHER	1956	4	5628	5	2	5241	340	7	9	7	5	5	7
DMPAB	536	BET	OTHER	1957	1	13344	3924	3291	5445	591	60	9	7	5	5	7
DMPAB	537	BET	OTHER	1957	2	13344	3924	3291	5445	591	60	9	7	5	5	7
DMPAB	538	BET	OTHER	1957	3	13344	3924	3291	5445	591	60	9	7	5	5	7
DMPAB	539	BET	OTHER	1957	4	13344	3924	3291	5445	591	60	9	7	5	5	7
DMPAB	540	BET	OTHER	1958	1	13339	3924	3291	5440	591	60	9	7	5	5	7
DMPAB	541	BET	OTHER	1958	2	13339	3924	3291	5440	591	60	9	7	5	5	7
DMPAB	542	BET	OTHER	1958	3	13339	3924	3291	5440	591	60	9	7	5	5	7
DMPAB	543	BET	OTHER	1958	4	13339	3924	3291	5440	591	60	9	7	5	5	7
DMPAB	544	BET	OTHER	1959	1	13346	3924	3291	5445	591	61	9	8	5	5	7
DMPAB	545	BET	OTHER	1959	2	13346	3924	3291	5445	591	61	9	8	5	5	7
DMPAB	546	BET	OTHER	1959	3	13346	3924	3291	5445	591	61	9	8	5	5	7
DMPAB	547	BET	OTHER	1959	4	13346	3924	3291	5445	591	61	9	8	5	5	7
DMPAB	548	BET	OTHER	1960	1	9448	2039	1709	5170	460	36	9	8	5	5	7
DMPAB	549	BET	OTHER	1960	2	10011	2317	1942	5201	478	39	9	8	5	5	7
DMPAB	550	BET	OTHER	1960	3	9417	2024	1696	5169	459	35	9	8	5	5	7
DMPAB	551	BET	OTHER	1960	4	8308	1478	1238	5108	422	28	9	8	5	5	7
DMPAB	552	BET	OTHER	1961	1	12105	3157	2647	5654	559	51	10	8	6	5	8
DMPAB	553	BET	OTHER	1961	2	12572	3387	2840	5680	574	54	10	8	6	5	8
DMPAB	554	BET	OTHER	1961	3	11366	2793	2342	5614	534	46	10	8	6	5	8
DMPAB	555	BET	OTHER	1961	4	10649	2441	2046	5574	510	41	10	8	6	5	8
DMPAB	556	BET	OTHER	1962	1	13754	3304	2770	6933	650	54	11	10	7	6	9
DMPAB	557	BET	OTHER	1962	2	13409	3135	2628	6914	638	51	11	10	7	6	9
DMPAB	558	BET	OTHER	1962	3	12859	2864	2400	6884	620	48	11	10	7	6	9
DMPAB	559	BET	OTHER	1962	4	12081	2481	2079	6841	594	43	11	10	7	6	9
DMPAB	560	BET	OTHER	1963	1	14274	3495	2930	7079	671	56	11	10	7	6	9
DMPAB	561	BET	OTHER	1963	2	13132	2933	2458	7016	633	49	11	10	7	6	9
DMPAB	562	BET	OTHER	1963	3	12922	2829	2371	7005	626	48	11	10	7	6	9
DMPAB	563	BET	OTHER	1963	4	12307	2527	2118	6971	605	43	11	10	7	6	9
DMPAB	564	BET	OTHER	1964	1	14411	3495	2930	7205	679	57	12	10	7	6	10
DMPAB	565	BET	OTHER	1964	2	13268	2933	2458	7142	641	49	12	10	7	6	10
DMPAB	566	BET	OTHER	1964	3	13057	2829	2371	7130	634	48	12	10	7	6	10
DMPAB	567	BET	OTHER	1964	4	12440	2526	2117	7094	613	44	12	11	8	6	9
DMPAB	568	BET	OTHER	1965	1	12441	2331	1954	7443	624	41	12	10	8	8	10
DMPAB	569	BET	OTHER	1965	2	11682	1958	1639	7402	599	37	12	11	7	7	10
DMPAB	570	BET	OTHER	1965	3	11540	1889	1581	7394	594	36	12	10	7	7	10
DMPAB	571	BET	OTHER	1965	4	11128	1686	1412	7369	580	33	12	12	8	7	9
DMPAB	572	BET	OTHER	1966	1	16008	3495	2930	8699	775	57	14	11	8	7	12
DMPAB	573	BET	OTHER	1966	2	14871	2934	2458	8638	738	50	13	12	8	8	12
DMPAB	574	BET	OTHER	1966	3	14663	2831	2372	8627	731	49	13	12	8	8	12
DMPAB	575	BET	OTHER	1966	4	14044	2527	2118	8590	710	45	13	13	9	8	11
DMPAB	576	BET	OTHER	1967	1	17110	3960	3321	8889	817	66	16	12	9	8	12
DMPAB	577	BET	OTHER	1967	2	15820	3324	2786	8821	774	58	15	13	9	8	12
DMPAB	578	BET	OTHER	1967	3	15581	3207	2687	8808	766	56	15	13	9	8	12
DMPAB	579	BET	OTHER	1967	4	14880	2863	2400	8766	742	51	15	14	10	8	11
DMPAB	580	BET	OTHER	1968	1	17105	3960	3320	8881	817	67	17	13	9	8	13
DMPAB	581	BET	OTHER	1968	2	15813	3324	2786	8812	774	59	16	13	9	8	12
DMPAB	582	BET	OTHER	1968	3	15574	3207	2687	8799	766	57	16	13	9	8	12
DMPAB	583	BET	OTHER	1968	4	14876	2863	2400	8758	743	52	16	15	10	8	11
DMPAB	584	BET	OTHER	1969	1	17913	4193	3516	9218	853	71	18	14	9	8	13
DMPAB	585	BET	OTHER	1969	2	17369	4148	3138	9161	807	62	16	12	8	7	10
DMPAB	586	BET	OTHER	1969	3	16297	3396	2846	9132	800	61	17	14	10	8	13
DMPAB	587	BET	OTHER	1969	4	15556	3031	2541	9088	775	56	17	16	11	9	12
DMPAB	588	BET	OTHER	1970	1	19739	6313	4233	8227	840	84	15	11	6	4	6
DMPAB	589	BET	OTHER	1970	2	17051	4754	3367	8069	743	65	17	13	8	6	9
DMPAB	590	BET	OTHER	1970	3	16737	3959	3721	8118	766	72	25	22	16	15	23
DMPAB	591	BET	OTHER	1970	4	18948	5371	4333	8248	852	87	18	13	9	7	10
DMPAB	592	BET	OTHER	1971	1	16132	5114	2468	7760	683	58	18	12	7	5	7
DMPAB	593	BET	OTHER	1971	2	17171	6931	2213	7450	492	21	20	15	10	8	11
DMPAB	594	BET	OTHER	1971	3	13587	2384	2730	7692	631	50	26	22	16	14	22
DMPAB	595	BET	OTHER	1971	4	13905	2973	2225	7829	734	89	19	13	8	6	9
DMPAB	596	BET	OTHER	1972	1	21074	8876	1668	9490	965	24	19	13	7	5	7
DMPAB	597	BET	OTHER	1972	2	20378	7882	2517	9278	611	22	22	16	10	8	12
DMPAB	598	BET	OTHER	1972	3	17177	1683	5183	9562	613	25	29	25	17	16	24
DMPAB	599	BET	OTHER	1972	4	15374	2563	1912	9758	926	137	23	18	12	10	15
DMPAB	600	BET	OTHER	1973	1	18888	12422	4563	720	1096	30	21	14	8	6	8
DMPAB	601	BET	OTHER	1973	2	50020	17658	5639	25002	1618	26	24	18	12	9	14
DMPAB	602	BET	OTHER	1973	3	33586	2719	11226	18353	1131	29	33	29	20	18	28
DMPAB	603	BET	OTHER	1973	4	12281	5735	4283	1157	737	281	26	20	14	11	17
DMPAB	604	BET	OTHER	1974	1	18030	11848	4352	694	1048	31	22	15	8	5	7
DMPAB	605	BET	OTHER	1974	2	52818	16843	5379	28639	1850	28	26	19	12	9	13
DMPAB	606	BET	OTHER	1974	3	35629	2599	10710	20835	1295	33	40	34	25	23	35
DMPAB	607	BET	OTHER	1974	4	11757	5473	4086	1116	707	272	30	24	16	13	20
DMPAB	608	BET	OTHER	1975	1	13986	9205	3326	552	822	25	20	14	8	6	8
DMPAB	609	BET	OTHER	1975	2	62417	13829	4461	41352	2664	26	25	20	13	11	16
DMPAB	610	BET	OTHER	1975	3	43301	2324	9358	29525	1862	33	45	43	32	31	48
DMPAB	611	BET	OTHER	1975	4	8595	3928	2846	904	567	229	31	27	19	17	27
DMPAB	612	BET	OTHER	1976	1	19794	13070	4723	758	1159	27	20	14	8	6	9
DMPAB	613	BET	OTHER	1976	2	75158	19634	6334	46099	2972	28	26	21	14	12	18
DMPAB	614	BET	OTHER	1976	3	52070	3289	13285	33167	2076	35	48	47	35	34	54
DMPAB	615	BET	OTHER	1976	4	12104	5573	4040	1250	795	315	33	29	21	19	29
DMPAB	616	BET	OTHER	1977	1	22306	14727	5322	855	1306	30	23	16	10	7	10
DMPAB	617	BET	OTHER	1977	2	87414	22124	7137	54506	3512	31	29	24	16	14	21
DMPAB	618	BET	OTHER	1977	3	60573	3709	14970	39149	2453	39	55	54	41	40	63
DMPAB	619	BET	OTHER	1977	4	13648	6280	4553	1411	897	355	38	34	24	22	34
DMPAB	620	BET	OTHER	1978	1	16656	10955	3959	663	980	29	24	17	10	8	11
DMPAB	621	BET	OTHER	1978	2	85336	16459	5310	59592	3833	31	31	25	17	15	23
DMPAB	622	BET	OTHER	1978	3	59240	2774	11138	42336	2677	40	59	58	45	44	69
DMPAB	623	BET	OTHER	1978	4	10268	4679	3388	1087	678	273	40	36	26	24	37
DMPAB	624	BET	OTHER	1979	1	20194	13116	5019	803	1154	37	23	16	9	7	10
DMPAB	625	BET	OTHER	1979	2	79077	19349	6309	50053	3234	32	29	23	15	13	20
DMPAB	626	BET	OTHER	1979	3	54716	3435	12855	35873	2274	42	52	51	39	37	58
DMPAB	627	BET	OTHER	1979	4	11273	4420	3346	2205	940	218	36	32	23	21	32
DMPAB	628	BET	OTHER	1980	1	15896	10371	3854	643	925	33	25	17	10	7	11
DMPAB	629	BET	OTHER	1980	2	78205	15491	5004	54087	3481	32	31	25	17	15	22
DMPAB	630	BET	OTHER	1980	3	54091	2665	10230	38445	2442	43	58	57	43	42	66
DMPAB	631	BET	OTHER	1980	4	10060	3638	2754	2379	940	189	40	35	26	23	36
DMPAB	632	BET	OTHER	1981	1	34066	22567	8123	1272	1991	36	27	19	11	8	12
DMPAB	633	BET	OTHER	1981	2	107795	34133	10921	58796	3788	35	34	28	19	16	25
DMPAB	634	BET	OTHER	1981	3	73820	5605	22397	42811	2661	47	64	64	49	47	75
DMPAB	635	BET	OTHER	1981	4	20183	8201	6175	3618	1616	394	44	39	29	26	41
DMPAB	636	BET	OTHER	1982	1	17431	10861	4677	780	952	59	34	24	15	12	17
DMPAB	637	BET	OTHER	1982	2	99460	13760	4405	76205	4892	39	43	36	25	22	33
DMPAB	638	BET	OTHER	1982	3	69585	2438	9535	53736	3426	54	83	84	65	63	101
DMPAB	639	BET	OTHER	1982	4	12439	3898	2958	3749	1358	213	60	57	43	40	63
DMPAB	640	BET	OTHER	1983	1	36439	21858	10901	1634	1817	126	34	25	15	12	17
DMPAB	641	BET	OTHER	1983	2	107634	23124	7416	72245	4647	42	44	36	25	22	33
DMPAB	642	BET	OTHER	1983	3	73886	3778	14917	51476	3258	57	85	85	65	64	101
DMPAB	643	BET	OTHER	1983	4	19346	7066	5337	4519	1800	355	62	58	44	41	64
DMPAB	644	BET	OTHER	1984	1	51230	33897	12215	1918	2996	68	50	33	20	14	19
DMPAB	645	BET	OTHER	1984	2	142531	49370	15862	72370	4681	63	54	43	28	24	36
DMPAB	646	BET	OTHER	1984	3	96703	7997	31863	53071	3284	69	89	88	69	67	106
DMPAB	647	BET	OTHER	1984	4	41063	17179	12934	6756	3145	801	60	54	40	37	57
DMPAB	648	BET	OTHER	1985	1	46407	30645	11134	1739	2701	57	40	31	20	16	24
DMPAB	649	BET	OTHER	1985	2	135479	43721	14021	72813	4698	50	48	40	27	24	37
DMPAB	650	BET	OTHER	1985	3	90134	6627	26764	52938	3294	66	95	94	73	71	112
DMPAB	651	BET	OTHER	1985	4	19146	84	285	14073	4186	63	97	96	74	73	115
DMPAB	652	BET	OTHER	1986	1	10834	696	710	7106	2144	51	43	29	18	15	22
DMPAB	653	BET	OTHER	1986	2	83758	37	98	77350	6041	46	51	42	29	25	39
DMPAB	654	BET	OTHER	1986	3	61159	121	127	55577	4779	75	100	99	77	77	127
DMPAB	655	BET	OTHER	1986	4	16032	89	240	11679	3474	66	104	102	79	77	122
DMPAB	656	BET	OTHER	1987	1	21254	3281	2907	11085	3409	108	102	97	75	73	117
DMPAB	657	BET	OTHER	1987	2	85816	50	150	78541	6719	54	72	65	48	46	71
DMPAB	658	BET	OTHER	1987	3	63500	0	145	57139	5506	256	152	93	66	55	88
DMPAB	659	BET	OTHER	1987	4	22145	221	360	15584	4514	131	244	297	237	224	333
DMPAB	660	BET	OTHER	1988	1	45902	26050	9568	6210	2402	143	280	322	261	259	407
DMPAB	661	BET	OTHER	1988	2	132386	28595	9495	88574	5427	63	56	66	47	32	31
DMPAB	662	BET	OTHER	1988	3	94746	5291	21620	63303	3778	80	106	202	154	112	100
DMPAB	663	BET	OTHER	1988	4	82851	18856	11803	19153	5466	2255	4345	5169	4299	4412	7093
DMPAB	664	BET	OTHER	1989	1	45717	25455	9447	6178	2374	179	424	448	353	340	519
DMPAB	665	BET	OTHER	1989	2	136173	27625	9172	93133	5725	173	123	83	59	43	37
DMPAB	666	BET	OTHER	1989	3	108318	5108	21497	77386	3999	171	102	30	12	6	7
DMPAB	667	BET	OTHER	1989	4	44515	13665	10218	12430	3821	919	734	679	537	561	951
DMPAB	668	BET	OTHER	1990	1	38543	23555	9011	1871	2158	265	404	325	253	261	440
DMPAB	669	BET	OTHER	1990	2	127438	42047	13941	66626	4360	115	164	79	26	24	56
DMPAB	670	BET	OTHER	1990	3	88396	7400	28328	48676	3039	113	303	169	69	88	211
DMPAB	671	BET	OTHER	1990	4	39728	12802	9169	9379	3583	908	751	786	626	648	1076
DMPAB	672	BET	OTHER	1991	1	61801	38597	14789	2843	3502	285	402	372	283	278	450
DMPAB	673	BET	OTHER	1991	2	173595	69265	22962	75456	5046	198	205	163	107	81	112
DMPAB	674	BET	OTHER	1991	3	119639	12180	46603	56267	3602	173	255	266	155	72	66
DMPAB	675	BET	OTHER	1991	4	52149	19861	14715	11143	4809	1100	176	167	93	44	41
DMPAB	676	BET	OTHER	1992	1	47948	30737	11800	1956	2751	175	189	135	80	53	72
DMPAB	677	BET	OTHER	1992	2	144537	55520	18392	65637	4455	142	178	118	55	23	17
DMPAB	678	BET	OTHER	1992	3	100707	9984	37360	48779	3683	215	287	198	51	56	94
DMPAB	679	BET	OTHER	1992	4	44278	16088	11835	10200	4478	949	236	185	88	85	134
DMPAB	680	BET	OTHER	1993	1	64510	41792	16046	2509	3650	163	148	75	34	38	55
DMPAB	681	BET	OTHER	1993	2	197748	73724	24506	92809	6112	130	172	96	51	66	82
DMPAB	682	BET	OTHER	1993	3	193221	58573	60881	69152	4261	141	102	55	26	13	17
DMPAB	683	BET	OTHER	1993	4	88807	43622	22690	15250	5888	1143	102	55	26	14	17
DMPAB	684	BET	OTHER	1994	1	113861	92640	14646	1969	2731	461	561	350	259	156	88
DMPAB	685	BET	OTHER	1994	2	221875	99737	18427	96634	6494	163	143	87	57	51	82
DMPAB	686	BET	OTHER	1994	3	175855	79786	22728	66998	4479	356	508	310	233	197	260
DMPAB	687	BET	OTHER	1994	4	143119	100001	26556	12139	3531	176	243	151	94	87	141
DMPAB	688	BET	OTHER	1995	1	118970	93582	24506	309	109	146	107	68	40	33	70
DMPAB	689	BET	OTHER	1995	2	194252	70098	24065	93393	6027	183	160	93	60	57	116
DMPAB	690	BET	OTHER	1995	3	176516	61526	33242	64860	4183	1837	2909	1831	1497	1683	2948
DMPAB	691	BET	OTHER	1995	4	122685	77467	35842	4147	2771	1480	136	149	206	223	264
DMPAB	692	BET	OTHER	1996	1	72636	36630	26925	3512	3616	793	221	245	253	219	222
DMPAB	693	BET	OTHER	1996	2	81813	29901	22063	14117	3803	956	4199	1997	1478	1356	1943
DMPAB	694	BET	OTHER	1996	3	70070	15679	29326	12401	3369	838	3039	1589	1218	1107	1504
DMPAB	695	BET	OTHER	1996	4	76446	16561	26251	21161	8333	1238	456	488	403	483	1072
DMPAB	696	BET	OTHER	1997	1	53659	16991	24602	4686	3662	610	503	529	430	513	1133
DMPAB	697	BET	OTHER	1997	2	68799	10486	27624	16030	2871	754	4097	1978	1457	1382	2120
DMPAB	698	BET	OTHER	1997	3	64903	12356	27172	12602	2632	689	3210	1670	1122	1164	2286
DMPAB	699	BET	OTHER	1997	4	76541	11865	32880	22653	7539	693	232	179	92	104	304
DMPAB	700	BET	OTHER	1998	1	70832	14843	46057	7067	2435	106	75	89	48	36	76
DMPAB	701	BET	OTHER	1998	2	120397	5997	53424	47311	7640	2526	539	667	1314	619	360
DMPAB	702	BET	OTHER	1998	3	114611	10902	54443	35404	5356	1729	425	828	1348	1330	2846
DMPAB	703	BET	OTHER	1998	4	74425	24493	18093	21793	8101	1228	87	87	99	145	299
DMPAB	704	BET	OTHER	1999	1	137892	89706	34206	5171	7626	293	130	160	222	210	168
DMPAB	705	BET	OTHER	1999	2	228515	130953	44586	39018	7883	2478	576	698	1346	659	318
DMPAB	706	BET	OTHER	1999	3	166463	27139	92300	36075	5810	1784	436	588	1132	703	496
DMPAB	707	BET	OTHER	1999	4	117477	43451	31343	27875	11169	2166	147	233	392	352	349
DMPAB	708	BET	OTHER	2000	1	71680	46210	17769	2934	4114	245	137	88	73	54	56
DMPAB	709	BET	OTHER	2000	2	129845	72878	24461	15184	6708	5493	1423	2680	714	160	144
DMPAB	710	BET	OTHER	2000	3	98277	16008	53519	15642	3963	3987	2325	1675	661	275	222
DMPAB	711	BET	OTHER	2000	4	80121	24307	17965	26406	9138	1410	276	151	200	142	126
DMPAB	712	BET	OTHER	2001	1	114961	74438	28769	4687	6535	218	130	75	55	31	23
DMPAB	713	BET	OTHER	2001	2	187548	126306	43078	1815	3472	6640	4076	1574	412	96	79
DMPAB	714	BET	OTHER	2001	3	140418	26305	86176	13795	3005	4862	3232	1359	811	433	440
DMPAB	715	BET	OTHER	2001	4	115372	40325	29462	31495	11295	2085	364	72	33	56	185
DMPAB	716	BET	OTHER	2002	1	158235	93874	37065	15762	10994	244	131	66	36	24	39
DMPAB	717	BET	OTHER	2002	2	212061	144771	49763	4286	3075	4887	2811	1748	487	91	142
DMPAB	718	BET	OTHER	2002	3	173838	34870	105397	23782	2393	3458	2287	907	307	123	314
DMPAB	719	BET	OTHER	2002	4	114012	51450	38172	13350	7552	2547	220	212	156	141	212
DMPAB	720	BET	OTHER	2003	1	148825	87902	34161	15546	10676	217	126	81	43	31	42
DMPAB	721	BET	OTHER	2003	2	77348	36036	9233	19847	1816	3513	1541	1616	637	632	2477
DMPAB	722	BET	OTHER	2003	3	62224	9394	20756	22430	2149	1551	578	1621	713	635	2397
DMPAB	723	BET	OTHER	2003	4	53251	21715	15939	7020	3631	1235	283	381	318	563	2166
DMPAB	724	BET	OTHER	2004	1	58050	16486	6875	24758	5096	144	340	1271	485	450	2145
DMPAB	725	BET	OTHER	2004	2	45044	18957	7018	12554	1376	204	404	999	408	516	2608
DMPAB	726	BET	OTHER	2004	3	53947	5493	17418	24807	2299	184	249	158	154	553	2632
DMPAB	727	BET	OTHER	2004	4	71988	18457	13663	30792	4845	1015	194	129	145	498	2250
DMPAB	728	BET	OTHER	2005	1	57363	18145	7435	22508	3889	167	487	296	315	822	3299
DMPAB	729	BET	OTHER	2005	2	61199	19650	7319	26368	2751	173	276	206	272	813	3371
DMPAB	730	BET	OTHER	2005	3	145687	23801	80668	35060	3424	245	334	224	271	469	1191
DMPAB	731	BET	OTHER	2005	4	132116	46887	34971	36559	8950	2269	190	259	327	562	1142
DMPAB	732	BET	OTHER	2006	1	216356	95952	37088	61194	13216	261	1107	1161	1377	1800	3200
DMPAB	733	BET	OTHER	2006	2	291022	155029	52478	69731	6226	334	542	1019	1338	1632	2693
DMPAB	734	BET	OTHER	2006	3	210968	26113	90169	77737	6295	229	755	1469	1946	2373	3882
DMPAB	735	BET	OTHER	2006	4	186840	49089	36511	78897	12140	2411	564	1073	1521	1832	2802
DMPAB	736	BET	OTHER	2007	1	218612	79428	30285	86747	13686	262	1409	1212	1384	1660	2539
DMPAB	737	BET	OTHER	2007	2	304366	137322	46154	104097	8451	191	741	1029	1862	2088	2431
DMPAB	738	BET	OTHER	2007	3	228209	22623	75299	113154	9002	587	919	1124	1435	1768	2298
DMPAB	739	BET	OTHER	2007	4	208963	41566	30323	113508	13871	2422	1187	1634	1407	1331	1714
DMPAB	740	BET	OTHER	2008	1	302565	99748	37814	131353	18976	884	3415	2706	2137	2183	3349
DMPAB	741	BET	OTHER	2008	2	405407	166033	55379	158916	12925	837	1621	1922	1972	2385	3417
DMPAB	742	BET	OTHER	2008	3	312821	28590	89986	169199	13182	834	1631	1926	1952	2299	3222
DMPAB	743	BET	OTHER	2008	4	283750	48232	34851	167907	18644	2979	1957	2565	2062	1931	2622
DMPAB	744	BET	OTHER	2009	1	354784	92330	34834	183942	21891	1265	5238	4208	3149	3076	4851
DMPAB	745	BET	OTHER	2009	2	531975	207230	62360	227765	17497	1183	2575	2900	2379	2986	5100
DMPAB	746	BET	OTHER	2009	3	452216	56658	84238	276338	20751	1168	2575	2899	2250	2143	3196
DMPAB	747	BET	OTHER	2009	4	354849	45335	32135	234880	22714	3167	2980	3997	3163	2783	3695
DMPAB	748	BET	OTHER	2010	1	320287	68051	25559	183276	19943	1383	5543	4575	3431	3328	5198
DMPAB	749	BET	OTHER	2010	2	500400	182527	52092	228591	17632	1329	2862	3268	2689	3461	5949
DMPAB	750	BET	OTHER	2010	3	444801	58834	62297	286032	21736	1318	2862	3266	2525	2391	3540
DMPAB	751	BET	OTHER	2010	4	334125	34125	23621	233313	21402	2779	3373	4577	3623	3165	4147
DMPAB	752	BET	OTHER	2011	1	320649	68103	25573	183356	19974	1397	5568	4614	3462	3359	5243
DMPAB	753	BET	OTHER	2011	2	577379	242407	64740	229900	17637	1320	2896	3320	2867	4364	7928
DMPAB	754	BET	OTHER	2011	3	523772	89776	64276	328700	24930	1309	2896	3317	2567	2422	3579
DMPAB	755	BET	OTHER	2011	4	337645	34251	23653	233522	21485	2898	3752	5468	4363	3689	4564
